#
#  Adaptive PAM Matrix
#  Generated with enhanced biological constraints
#
    A    R    N    D    C    Q    E    G    H    I    L    K    M    F    P    S    T    W    Y    V    B    Z    X    *
A    2   -2   -1    0   -2    0    1    1    0   -1   -3   -1   -3   -3    1    2    0   -6   -3    1    0    0    0   -8
R   -2    6   -2    0   -4    1   -1   -3    3   -1   -2    3    1   -4    0    0   -1    2   -4   -2    0    0    0   -8
N   -1   -2    2    0   -4    1    1    1    3   -2   -5    2   -2   -3   -2    1   -2   -4   -2   -2    0    0    0   -8
D    0    0    0    4   -5    1    3    1    1   -1   -4    0   -5   -7   -1    0    0   -7   -4   -4    0    0    0   -8
C   -2   -4   -4   -5   10   -5   -5   -5   -3   -2   -6   -5   -5   -4   -2    0   -4   -7    1   -2    0    0    0   -8
Q    0    1    1    1   -5    4    3   -1    3   -1   -2    1   -1   -5    0   -3   -1   -5   -4   -2    0    0    0   -8
E    1   -1    1    3   -5    3    4   -1    1   -2   -3    0   -2   -4   -1   -2    0   -7   -4   -2    0    0    0   -8
G    1   -3    1    1   -5   -1   -1    5   -2   -2   -4   -4   -3   -7   -2    2   -2   -7   -5   -1    0    0    0   -8
H    0    3    3    1   -3    3    1   -2    5   -2   -2    0   -2   -2    0   -1   -1   -3    0   -1    0    0    0   -8
I   -1   -1   -2   -1   -2   -1   -2   -2   -2    5    2   -3    3    1   -2   -1    0   -5   -1    4    0    0    0   -8
L   -3   -2   -5   -4   -6   -2   -3   -4   -2    2    6   -2    4    1   -5   -3   -3    0   -1    2    0    0    0   -8
K   -1    3    2    0   -5    1    0   -4    0   -3   -2    5    0   -5   -3    0    1   -3   -4   -2    0    0    0   -8
M   -3    1   -2   -5   -5   -1   -2   -3   -2    3    4    0    6    1   -1   -2   -3   -4   -2    2    0    0    0   -8
F   -3   -4   -3   -7   -4   -5   -4   -7   -2    1    1   -5    1    9   -5   -3   -3    0    7   -2    0    0    0   -8
P    1    0   -2   -1   -2    0   -1   -2    0   -2   -5   -3   -1   -5    6    1    0   -6   -5   -1    0    0    0   -8
S    2    0    1    0    0   -3   -2    2   -1   -1   -3    0   -2   -3    1    2    1   -2   -3   -1    0    0    0   -8
T    0   -1   -2    0   -4   -1    0   -2   -1    0   -3    1   -3   -3    0    1    3   -5   -3    0    0    0    0   -8
W   -6    2   -4   -7   -7   -5   -7   -7   -3   -5    0   -3   -4    0   -6   -2   -5   17    0   -8    0    0    0   -8
Y   -3   -4   -2   -4    1   -4   -4   -5    0   -1   -1   -4   -2    7   -5   -3   -3    0    8   -4    0    0    0   -8
V    1   -2   -2   -4   -2   -2   -2   -1   -1    4    2   -2    2   -2   -1   -1    0   -8   -4    4    0    0    0   -8
B    0    0    0    0    0    0    0    0    0    0    0    0    0    0    0    0    0    0    0    0    0    0    0   -8
Z    0    0    0    0    0    0    0    0    0    0    0    0    0    0    0    0    0    0    0    0    0    0    0   -8
X    0    0    0    0    0    0    0    0    0    0    0    0    0    0    0    0    0    0    0    0    0    0    0   -8
*   -8   -8   -8   -8   -8   -8   -8   -8   -8   -8   -8   -8   -8   -8   -8   -8   -8   -8   -8   -8   -8   -8   -8    1
