#
#  Adaptive PAM Matrix
#  Generated with enhanced biological constraints
#
    A    R    N    D    C    Q    E    G    H    I    L    K    M    F    P    S    T    W    Y    V    B    Z    X    *
A    2   -3   -2   -1   -6   -1    0    1   -1   -1   -3   -1   -2   -5    2    2    2   -5   -2   -2    0    0    0   -8
R   -3    6    1   -1   -4    0   -1   -3    3   -2   -7    3    0   -6   -1    1   -1   -1   -4   -2    0    0    0   -8
N   -2    1    2    1   -4    1    1    0    2   -3   -5    1   -2   -3   -2    0    1   -4   -4   -2    0    0    0   -8
D   -1   -1    1    4   -6    2    3    0    1   -2   -5    0   -2   -5   -1    1    1   -7   -4   -2    0    0    0   -8
C   -6   -4   -4   -6   12   -5   -5   -3   -4   -2   -7   -4   -4   -4   -3    0   -2   -8   -3   -2    0    0    0   -8
Q   -1    0    1    2   -5    5    3   -3    1   -2   -3    1   -3   -4    0   -1   -1   -7   -3   -2    0    0    0   -8
E    0   -1    1    3   -5    3    4   -2    1   -4   -4    0   -4   -7   -3    0   -1   -7   -4   -4    0    0    0   -8
G    1   -3    0    0   -3   -3   -2    5   -2   -4   -4   -2   -4   -6    0    0    0   -7   -5   -1    0    0    0   -8
H   -1    3    2    1   -4    1    1   -2    6   -1   -6    0   -1   -2    0    1    0   -2   -3   -2    0    0    0   -8
I   -1   -2   -3   -2   -2   -2   -4   -4   -1    5    3   -2    3   -1   -4   -2   -2   -4   -1    2    0    0    0   -8
L   -3   -7   -5   -5   -7   -3   -4   -4   -6    3    7   -4    4    2   -2   -3   -2   -2   -1    3    0    0    0   -8
K   -1    3    1    0   -4    1    0   -2    0   -2   -4    5    0   -3    0    0    2   -3   -4   -2    0    0    0   -8
M   -2    0   -2   -2   -4   -3   -4   -4   -1    3    4    0    6    0   -2   -5   -1   -4   -3    3    0    0    0   -8
F   -5   -6   -3   -5   -4   -4   -7   -6   -2   -1    2   -3    0    9   -5   -3   -3    0    7    1    0    0    0   -8
P    2   -1   -2   -1   -3    0   -3    0    0   -4   -2    0   -2   -5    6    0    2   -5   -5   -3    0    0    0   -8
S    2    1    0    1    0   -1    0    0    1   -2   -3    0   -5   -3    0    3    1   -2   -2   -2    0    0    0   -8
T    2   -1    1    1   -2   -1   -1    0    0   -2   -2    2   -1   -3    2    1    3   -5   -3    0    0    0    0   -8
W   -5   -1   -4   -7   -8   -7   -7   -7   -2   -4   -2   -3   -4    0   -5   -2   -5   13    0   -6    0    0    0   -8
Y   -2   -4   -4   -4   -3   -3   -4   -5   -3   -1   -1   -4   -3    7   -5   -2   -3    0    9   -3    0    0    0   -8
V   -2   -2   -2   -2   -2   -2   -4   -1   -2    2    3   -2    3    1   -3   -2    0   -6   -3    4    0    0    0   -8
B    0    0    0    0    0    0    0    0    0    0    0    0    0    0    0    0    0    0    0    0    0    0    0   -8
Z    0    0    0    0    0    0    0    0    0    0    0    0    0    0    0    0    0    0    0    0    0    0    0   -8
X    0    0    0    0    0    0    0    0    0    0    0    0    0    0    0    0    0    0    0    0    0    0    0   -8
*   -8   -8   -8   -8   -8   -8   -8   -8   -8   -8   -8   -8   -8   -8   -8   -8   -8   -8   -8   -8   -8   -8   -8    1
