#
#  Adaptive PAM Matrix
#  Generated with enhanced biological constraints
#
    A    R    N    D    C    Q    E    G    H    I    L    K    M    F    P    S    T    W    Y    V    B    Z    X    *
A    2   -2    0    0   -1    0    0    1   -1   -1   -4   -3   -2   -4    1    1    0   -8   -3    0    0    0    0   -8
R   -2    7   -4   -1   -5    1   -3   -3    2   -2   -3    4    0   -4   -2    0   -1    2   -4   -2    0    0    0   -8
N    0   -4    2    2   -8    1    2   -1    2   -3   -7    1   -2   -4    0   -1   -1   -5   -2   -1    0    0    0   -8
D    0   -1    2    4   -5    2    3   -1    0   -3   -4   -1   -3   -8   -1   -2   -2   -7   -4   -2    0    0    0   -8
C   -1   -5   -8   -5   12   -5   -6   -3   -3   -2   -6   -5   -5   -3   -3    0   -5   -8   -2   -2    0    0    0   -8
Q    0    1    1    2   -5    4    2   -1    3   -5   -3    1   -2   -5    0   -1   -1   -6   -5   -3    0    0    0   -8
E    0   -3    2    3   -6    2    4   -2    1   -2   -3    1   -2   -5   -3    0    0   -8   -5   -2    0    0    0   -8
G    1   -3   -1   -1   -3   -1   -2    5   -4   -3   -4   -2   -3   -5   -2   -1   -2   -7   -7   -2    0    0    0   -8
H   -1    2    2    0   -3    3    1   -4    5   -2   -2    0   -2   -3    0   -3   -1   -3   -1   -3    0    0    0   -8
I   -1   -2   -3   -3   -2   -5   -2   -3   -2    5    2   -3    2    1   -3    0   -1   -7   -1    4    0    0    0   -8
L   -4   -3   -7   -4   -6   -3   -3   -4   -2    2    6   -5    3    1   -5   -3   -2   -6   -3    2    0    0    0   -8
K   -3    4    1   -1   -5    1    1   -2    0   -3   -5    5   -2   -7   -1    0   -2   -3   -6   -4    0    0    0   -8
M   -2    0   -2   -3   -5   -2   -2   -3   -2    2    3   -2    6   -2   -2   -3   -2   -6   -4    2    0    0    0   -8
F   -4   -4   -4   -8   -3   -5   -5   -5   -3    1    1   -7   -2    9   -6   -3   -3    0    7   -2    0    0    0   -8
P    1   -2    0   -1   -3    0   -3   -2    0   -3   -5   -1   -2   -6    6    1    0   -6   -5   -2    0    0    0   -8
S    1    0   -1   -2    0   -1    0   -1   -3    0   -3    0   -3   -3    1    2    1   -2   -3   -2    0    0    0   -8
T    0   -1   -1   -2   -5   -1    0   -2   -1   -1   -2   -2   -2   -3    0    1    3   -5   -3   -1    0    0    0   -8
W   -8    2   -5   -7   -8   -6   -8   -7   -3   -7   -6   -3   -6    0   -6   -2   -5   17    0   -6    0    0    0   -8
Y   -3   -4   -2   -4   -2   -5   -5   -7   -1   -1   -3   -6   -4    7   -5   -3   -3    0   10   -2    0    0    0   -8
V    0   -2   -1   -2   -2   -3   -2   -2   -3    4    2   -4    2   -2   -2   -2   -1   -6   -2    4    0    0    0   -8
B    0    0    0    0    0    0    0    0    0    0    0    0    0    0    0    0    0    0    0    0    0    0    0   -8
Z    0    0    0    0    0    0    0    0    0    0    0    0    0    0    0    0    0    0    0    0    0    0    0   -8
X    0    0    0    0    0    0    0    0    0    0    0    0    0    0    0    0    0    0    0    0    0    0    0   -8
*   -8   -8   -8   -8   -8   -8   -8   -8   -8   -8   -8   -8   -8   -8   -8   -8   -8   -8   -8   -8   -8   -8   -8    1
