#
#  Adaptive PAM Matrix
#  Generated with enhanced biological constraints
#
    A    R    N    D    C    Q    E    G    H    I    L    K    M    F    P    S    T    W    Y    V    B    Z    X    *
A    2   -2    0    0   -1    0    0    1   -2   -1   -2   -3   -3   -2    0    1    2   -7   -3   -2    0    0    0   -8
R   -2    4   -2   -1   -4    1   -1   -3    2   -1   -4    3    0   -6    0    0   -1    2   -4   -1    0    0    0   -8
N    0   -2    2    3   -6    1    1   -1    2   -1   -3    2   -2   -3    0    1   -2   -4   -2   -1    0    0    0   -8
D    0   -1    3    4   -5    2    3    1    1   -2   -4   -2   -3   -6   -2    1    0   -6   -6   -4    0    0    0   -8
C   -1   -4   -6   -5   12   -7   -7   -3   -3   -2   -6   -7   -6   -5   -5   -1   -3   -7    0   -3    0    0    0   -8
Q    0    1    1    2   -7    4    2   -3    3   -2   -2    2   -1   -7    0   -3   -1   -7   -4   -1    0    0    0   -8
E    0   -1    1    3   -7    2    4   -2    0   -2   -3    0   -3   -5   -3    1    1   -7   -3   -2    0    0    0   -8
G    1   -3   -1    1   -3   -3   -2    3   -1   -5   -4   -1   -7   -5   -4    1    0   -6   -4    0    0    0    0   -8
H   -2    2    2    1   -3    3    0   -1    7   -2   -3    0   -2   -3    0   -1   -1   -3    1   -2    0    0    0   -8
I   -1   -1   -1   -2   -2   -2   -2   -5   -2    5    2   -4    2    1   -3   -1   -1   -5   -1    5    0    0    0   -8
L   -2   -4   -3   -4   -6   -2   -3   -4   -3    2    6   -3    4    2   -3   -4   -2   -3   -2    2    0    0    0   -8
K   -3    3    2   -2   -7    2    0   -1    0   -4   -3    5    1   -4   -3   -2    0   -3   -4   -4    0    0    0   -8
M   -3    0   -2   -3   -6   -1   -3   -7   -2    2    4    1    6    0   -2   -4   -1   -6    0    2    0    0    0   -8
F   -2   -6   -3   -6   -5   -7   -5   -5   -3    1    2   -4    0    9   -4   -3   -3    0    6   -1    0    0    0   -8
P    0    0    0   -2   -5    0   -3   -4    0   -3   -3   -3   -2   -4    5    1   -2   -7   -5   -2    0    0    0   -8
S    1    0    1    1   -1   -3    1    1   -1   -1   -4   -2   -4   -3    1    2    1   -2   -3   -1    0    0    0   -8
T    2   -1   -2    0   -3   -1    1    0   -1   -1   -2    0   -1   -3   -2    1    3   -4   -4    0    0    0    0   -8
W   -7    2   -4   -6   -7   -7   -7   -6   -3   -5   -3   -3   -6    0   -7   -2   -4   17    0   -6    0    0    0   -8
Y   -3   -4   -2   -6    0   -4   -3   -4    1   -1   -2   -4    0    6   -5   -3   -4    0   10   -2    0    0    0   -8
V   -2   -1   -1   -4   -3   -1   -2    0   -2    5    2   -4    2   -1   -2   -1    0   -6   -2    4    0    0    0   -8
B    0    0    0    0    0    0    0    0    0    0    0    0    0    0    0    0    0    0    0    0    0    0    0   -8
Z    0    0    0    0    0    0    0    0    0    0    0    0    0    0    0    0    0    0    0    0    0    0    0   -8
X    0    0    0    0    0    0    0    0    0    0    0    0    0    0    0    0    0    0    0    0    0    0    0   -8
*   -8   -8   -8   -8   -8   -8   -8   -8   -8   -8   -8   -8   -8   -8   -8   -8   -8   -8   -8   -8   -8   -8   -8    1
