#  
#  This matrix was produced by "pam" Version 1.0.6 [28-Jul-93]
#  
#  PAM 250 substitution matrix, scale = ln(2)/3 = 0.231049
#  
#  Expected score = -0.844, Entropy = 0.354 bits
#  
#  Lowest score = -8, Highest score = 17
#  
     A    R    N    D    C    Q    E    G    H    I    L    K    M    F    P    S    T    W    Y    V    B    Z    X    *
A  2.0 -2.0  0.0  0.0 -2.0  0.0  0.0  1.0 -1.0 -1.0 -2.0 -1.0 -1.0 -3.0  1.0  1.0  1.0 -6.0 -3.0  0.0  0.0  0.0  0.0 -8.0
R -2.0  6.0  0.0 -1.0 -4.0  1.0 -1.0 -3.0  2.0 -2.0 -3.0  3.0  0.0 -4.0  0.0  0.0 -1.0  2.0 -4.0 -2.0 -1.0  0.0 -1.0 -8.0
N  0.0  0.0  2.0  2.0 -4.0  1.0  1.0  0.0  2.0 -2.0 -3.0  1.0 -2.0 -3.0  0.0  1.0  0.0 -4.0 -2.0 -2.0  2.0  1.0  0.0 -8.0
D  0.0 -1.0  2.0  4.0 -5.0  2.0  3.0  1.0  1.0 -2.0 -4.0  0.0 -3.0 -6.0 -1.0  0.0  0.0 -7.0 -4.0 -2.0  3.0  3.0 -1.0 -8.0
C -2.0 -4.0 -4.0 -5.0 12.0 -5.0 -5.0 -3.0 -3.0 -2.0 -6.0 -5.0 -5.0 -4.0 -3.0  0.0 -2.0 -8.0  0.0 -2.0 -4.0 -5.0 -3.0 -8.0
Q  0.0  1.0  1.0  2.0 -5.0  4.0  2.0 -1.0  3.0 -2.0 -2.0  1.0 -1.0 -5.0  0.0 -1.0 -1.0 -5.0 -4.0 -2.0  1.0  3.0 -1.0 -8.0
E  0.0 -1.0  1.0  3.0 -5.0  2.0  4.0  0.0  1.0 -2.0 -3.0  0.0 -2.0 -5.0 -1.0  0.0  0.0 -7.0 -4.0 -2.0  3.0  3.0 -1.0 -8.0
G  1.0 -3.0  0.0  1.0 -3.0 -1.0  0.0  5.0 -2.0 -3.0 -4.0 -2.0 -3.0 -5.0  0.0  1.0  0.0 -7.0 -5.0 -1.0  0.0  0.0 -1.0 -8.0
H -1.0  2.0  2.0  1.0 -3.0  3.0  1.0 -2.0  6.0 -2.0 -2.0  0.0 -2.0 -2.0  0.0 -1.0 -1.0 -3.0  0.0 -2.0  1.0  2.0 -1.0 -8.0
I -1.0 -2.0 -2.0 -2.0 -2.0 -2.0 -2.0 -3.0 -2.0  5.0  2.0 -2.0  2.0  1.0 -2.0 -1.0  0.0 -5.0 -1.0  4.0 -2.0 -2.0 -1.0 -8.0
L -2.0 -3.0 -3.0 -4.0 -6.0 -2.0 -3.0 -4.0 -2.0  2.0  6.0 -3.0  4.0  2.0 -3.0 -3.0 -2.0 -2.0 -1.0  2.0 -3.0 -3.0 -1.0 -8.0
K -1.0  3.0  1.0  0.0 -5.0  1.0  0.0 -2.0  0.0 -2.0 -3.0  5.0  0.0 -5.0 -1.0  0.0  0.0 -3.0 -4.0 -2.0  1.0  0.0 -1.0 -8.0
M -1.0  0.0 -2.0 -3.0 -5.0 -1.0 -2.0 -3.0 -2.0  2.0  4.0  0.0  6.0  0.0 -2.0 -2.0 -1.0 -4.0 -2.0  2.0 -2.0 -2.0 -1.0 -8.0
F -3.0 -4.0 -3.0 -6.0 -4.0 -5.0 -5.0 -5.0 -2.0  1.0  2.0 -5.0  0.0  9.0 -5.0 -3.0 -3.0  0.0  7.0 -1.0 -4.0 -5.0 -2.0 -8.0
P  1.0  0.0  0.0 -1.0 -3.0  0.0 -1.0  0.0  0.0 -2.0 -3.0 -1.0 -2.0 -5.0  6.0  1.0  0.0 -6.0 -5.0 -1.0 -1.0  0.0 -1.0 -8.0
S  1.0  0.0  1.0  0.0  0.0 -1.0  0.0  1.0 -1.0 -1.0 -3.0  0.0 -2.0 -3.0  1.0  2.0  1.0 -2.0 -3.0 -1.0  0.0  0.0  0.0 -8.0
T  1.0 -1.0  0.0  0.0 -2.0 -1.0  0.0  0.0 -1.0  0.0 -2.0  0.0 -1.0 -3.0  0.0  1.0  3.0 -5.0 -3.0  0.0  0.0 -1.0  0.0 -8.0
W -6.0  2.0 -4.0 -7.0 -8.0 -5.0 -7.0 -7.0 -3.0 -5.0 -2.0 -3.0 -4.0  0.0 -6.0 -2.0 -5.0 17.0  0.0 -6.0 -5.0 -6.0 -4.0 -8.0
Y -3.0 -4.0 -2.0 -4.0  0.0 -4.0 -4.0 -5.0  0.0 -1.0 -1.0 -4.0 -2.0  7.0 -5.0 -3.0 -3.0  0.0 10.0 -2.0 -3.0 -4.0 -2.0 -8.0
V  0.0 -2.0 -2.0 -2.0 -2.0 -2.0 -2.0 -1.0 -2.0  4.0  2.0 -2.0  2.0 -1.0 -1.0 -1.0  0.0 -6.0 -2.0  4.0 -2.0 -2.0 -1.0 -8.0
B  0.0 -1.0  2.0  3.0 -4.0  1.0  3.0  0.0  1.0 -2.0 -3.0  1.0 -2.0 -4.0 -1.0  0.0  0.0 -5.0 -3.0 -2.0  3.0  2.0 -1.0 -8.0
Z  0.0  0.0  1.0  3.0 -5.0  3.0  3.0  0.0  2.0 -2.0 -3.0  0.0 -2.0 -5.0  0.0  0.0 -1.0 -6.0 -4.0 -2.0  2.0  3.0 -1.0 -8.0
X  0.0 -1.0  0.0 -1.0 -3.0 -1.0 -1.0 -1.0 -1.0 -1.0 -1.0 -1.0 -1.0 -2.0 -1.0  0.0  0.0 -4.0 -2.0 -1.0 -1.0 -1.0 -1.0 -8.0
* -8.0 -8.0 -8.0 -8.0 -8.0 -8.0 -8.0 -8.0 -8.0 -8.0 -8.0 -8.0 -8.0 -8.0 -8.0 -8.0 -8.0 -8.0 -8.0 -8.0 -8.0 -8.0 -8.0  1.0
