#
#  Adaptive PAM Matrix
#  Generated with enhanced biological constraints
#
    A    R    N    D    C    Q    E    G    H    I    L    K    M    F    P    S    T    W    Y    V    B    Z    X    *
A    2   -2   -1   -1   -5    0   -2    1   -1   -2   -3   -1   -1   -3    1    0    1   -6   -3    0    0    0    0   -8
R   -2    6    0   -1   -8    1   -1   -3    2   -3   -4    3   -2   -5    0    0   -1    0   -4   -4    0    0    0   -8
N   -1    0    2    2   -4    1    1    0    2   -2   -5    0   -2   -5    0   -1   -1   -6   -3   -3    0    0    0   -8
D   -1   -1    2    4   -6    2    3    1    1   -2   -4    0   -3   -6   -3    0    0   -7   -5   -3    0    0    0   -8
C   -5   -8   -4   -6   12   -5   -8   -3   -3   -1   -7   -5   -5   -4   -4    0   -4   -8    0   -2    0    0    0   -8
Q    0    1    1    2   -5    4    1   -1    3   -2   -2    1   -2   -5   -2   -1   -1   -6   -5   -2    0    0    0   -8
E   -2   -1    1    3   -8    1    4    0   -2   -3   -5    0   -2   -5   -2    0    0   -7   -4   -2    0    0    0   -8
G    1   -3    0    1   -3   -1    0    4   -2   -3   -6   -3   -5   -5   -2    0    0   -7   -5   -1    0    0    0   -8
H   -1    2    2    1   -3    3   -2   -2    6   -3   -2    0   -3   -2    0   -1   -1   -3    0   -2    0    0    0   -8
I   -2   -3   -2   -2   -1   -2   -3   -3   -3    5    2   -2    2   -1   -2   -2    0   -7   -1    3    0    0    0   -8
L   -3   -4   -5   -4   -7   -2   -5   -6   -2    2    6   -3    4    2   -3   -3   -2   -4   -3    2    0    0    0   -8
K   -1    3    0    0   -5    1    0   -3    0   -2   -3    5    0   -5   -3    0    0   -3   -4   -4    0    0    0   -8
M   -1   -2   -2   -3   -5   -2   -2   -5   -3    2    4    0    6    0   -2   -3   -3   -4   -2    2    0    0    0   -8
F   -3   -5   -5   -6   -4   -5   -5   -5   -2   -1    2   -5    0    9   -5   -5   -3    0    7   -1    0    0    0   -8
P    1    0    0   -3   -4   -2   -2   -2    0   -2   -3   -3   -2   -5    6    0   -2   -8   -5   -1    0    0    0   -8
S    0    0   -1    0    0   -1    0    0   -1   -2   -3    0   -3   -5    0    2    1   -4   -3   -3    0    0    0   -8
T    1   -1   -1    0   -4   -1    0    0   -1    0   -2    0   -3   -3   -2    1    3   -5   -3    0    0    0    0   -8
W   -6    0   -6   -7   -8   -6   -7   -7   -3   -7   -4   -3   -4    0   -8   -4   -5   15    0   -8    0    0    0   -8
Y   -3   -4   -3   -5    0   -5   -4   -5    0   -1   -3   -4   -2    7   -5   -3   -3    0   10   -2    0    0    0   -8
V    0   -4   -3   -3   -2   -2   -2   -1   -2    3    2   -4    2   -1   -1   -3    0   -8   -2    5    0    0    0   -8
B    0    0    0    0    0    0    0    0    0    0    0    0    0    0    0    0    0    0    0    0    0    0    0   -8
Z    0    0    0    0    0    0    0    0    0    0    0    0    0    0    0    0    0    0    0    0    0    0    0   -8
X    0    0    0    0    0    0    0    0    0    0    0    0    0    0    0    0    0    0    0    0    0    0    0   -8
*   -8   -8   -8   -8   -8   -8   -8   -8   -8   -8   -8   -8   -8   -8   -8   -8   -8   -8   -8   -8   -8   -8   -8    1
