#
#  Adaptive PAM Matrix
#  Generated with enhanced biological constraints
#
    A    R    N    D    C    Q    E    G    H    I    L    K    M    F    P    S    T    W    Y    V    B    Z    X    *
A    2   -4    0    0   -3    0   -2    1   -1   -3   -4   -4   -1   -3    1   -1    1   -7   -4   -1    0    0    0   -8
R   -4    6   -1   -5   -5   -1   -1   -3    2   -1   -3    3    0   -4    0   -1   -1    0   -4   -2    0    0    0   -8
N    0   -1    2    0   -4    1    1   -2    2   -1   -4    0   -4   -3    0    0    0   -5   -4   -2    0    0    0   -8
D    0   -5    0    5   -5    3    3    1    1   -2   -3    1   -4   -7   -3   -1   -2   -7   -5   -2    0    0    0   -8
C   -3   -5   -4   -5   12   -5   -5   -4   -5   -2   -8   -5   -5   -4   -3    0   -4   -8    0   -3    0    0    0   -8
Q    0   -1    1    3   -5    4    2   -1    1   -2   -2    1   -1   -5    0   -2    0   -5   -4   -2    0    0    0   -8
E   -2   -1    1    3   -5    2    4    0    0   -2   -3    0   -2   -7   -1    0    0   -7   -4   -2    0    0    0   -8
G    1   -3   -2    1   -4   -1    0    5   -2   -3   -4   -3   -5   -7   -2    1   -1   -7   -5   -1    0    0    0   -8
H   -1    2    2    1   -5    1    0   -2    6   -3   -2    0   -4   -2    0   -1   -1   -4    0   -2    0    0    0   -8
I   -3   -1   -1   -2   -2   -2   -2   -3   -3    5    2   -4    2    1   -3   -1    0   -5   -1    3    0    0    0   -8
L   -4   -3   -4   -3   -8   -2   -3   -4   -2    2    6   -4    3    2   -3   -3   -4   -4   -1    2    0    0    0   -8
K   -4    3    0    1   -5    1    0   -3    0   -4   -4    5    0   -5   -1    0    0   -4   -4   -3    0    0    0   -8
M   -1    0   -4   -4   -5   -1   -2   -5   -4    2    3    0    6   -1   -4   -4   -3   -4   -1    2    0    0    0   -8
F   -3   -4   -3   -7   -4   -5   -7   -7   -2    1    2   -5   -1    8   -5   -3   -4    0    7   -3    0    0    0   -8
P    1    0    0   -3   -3    0   -1   -2    0   -3   -3   -1   -4   -5    6    0   -2   -6   -5   -1    0    0    0   -8
S   -1   -1    0   -1    0   -2    0    1   -1   -1   -3    0   -4   -3    0    2    1   -2   -5   -1    0    0    0   -8
T    1   -1    0   -2   -4    0    0   -1   -1    0   -4    0   -3   -4   -2    1    3   -5   -5    0    0    0    0   -8
W   -7    0   -5   -7   -8   -5   -7   -7   -4   -5   -4   -4   -4    0   -6   -2   -5   17    0   -6    0    0    0   -8
Y   -4   -4   -4   -5    0   -4   -4   -5    0   -1   -1   -4   -1    7   -5   -5   -5    0   10   -2    0    0    0   -8
V   -1   -2   -2   -2   -3   -2   -2   -1   -2    3    2   -3    2   -3   -1   -1    0   -6   -2    4    0    0    0   -8
B    0    0    0    0    0    0    0    0    0    0    0    0    0    0    0    0    0    0    0    0    0    0    0   -8
Z    0    0    0    0    0    0    0    0    0    0    0    0    0    0    0    0    0    0    0    0    0    0    0   -8
X    0    0    0    0    0    0    0    0    0    0    0    0    0    0    0    0    0    0    0    0    0    0    0   -8
*   -8   -8   -8   -8   -8   -8   -8   -8   -8   -8   -8   -8   -8   -8   -8   -8   -8   -8   -8   -8   -8   -8   -8    1
