#
#  Adaptive PAM Matrix
#  Generated with enhanced biological constraints
#
    A    R    N    D    C    Q    E    G    H    I    L    K    M    F    P    S    T    W    Y    V    B    Z    X    *
A    2   -3    0   -2   -4    0   -1    1   -1   -1   -2   -1   -1   -3    1    0    1   -6   -5    0    0    0    0   -8
R   -3    5    0   -1   -6    1   -1   -3    2   -2   -5    4    0   -6   -2    0   -1    1   -4   -3    0    0    0   -8
N    0    0    2    2   -6    1    0    0    2   -2   -3    1   -2   -3    0    1    0   -4   -4   -2    0    0    0   -8
D   -2   -1    2    5   -5    2    3   -1    1   -2   -5    0   -3   -6   -1    0    0   -7   -4   -2    0    0    0   -8
C   -4   -6   -6   -5   12   -5   -5   -3   -5   -2   -8   -6   -5   -5   -3    0   -4   -8    0   -2    0    0    0   -8
Q    0    1    1    2   -5    4    2   -1    1   -2   -3    1   -3   -7    0   -1   -1   -5   -4   -2    0    0    0   -8
E   -1   -1    0    3   -5    2    5    0    1   -4   -4    0   -4   -7   -1    0   -1   -7   -5   -2    0    0    0   -8
G    1   -3    0   -1   -3   -1    0    5   -2   -3   -4   -4   -3   -5   -2    2   -1   -7   -5   -3    0    0    0   -8
H   -1    2    2    1   -5    1    1   -2    6   -4   -3    0   -2   -2    0   -2   -2   -3    0   -2    0    0    0   -8
I   -1   -2   -2   -2   -2   -2   -4   -3   -4    5    2   -4    2   -1   -2   -1    0   -5   -3    4    0    0    0   -8
L   -2   -5   -3   -5   -8   -3   -4   -4   -3    2    6   -3    4    1   -3   -7   -3   -4   -1    2    0    0    0   -8
K   -1    4    1    0   -6    1    0   -4    0   -4   -3    5    0   -5   -1   -2   -2   -3   -6   -2    0    0    0   -8
M   -1    0   -2   -3   -5   -3   -4   -3   -2    2    4    0    6    0   -2   -4   -2   -4   -2    2    0    0    0   -8
F   -3   -6   -3   -6   -5   -7   -7   -5   -2   -1    1   -5    0    9   -5   -3   -3    0    7   -2    0    0    0   -8
P    1   -2    0   -1   -3    0   -1   -2    0   -2   -3   -1   -2   -5    6    1   -2   -6   -5   -2    0    0    0   -8
S    0    0    1    0    0   -1    0    2   -2   -1   -7   -2   -4   -3    1    2    1   -2   -3   -1    0    0    0   -8
T    1   -1    0    0   -4   -1   -1   -1   -2    0   -3   -2   -2   -3   -2    1    3   -7   -5    0    0    0    0   -8
W   -6    1   -4   -7   -8   -5   -7   -7   -3   -5   -4   -3   -4    0   -6   -2   -7   17    0   -6    0    0    0   -8
Y   -5   -4   -4   -4    0   -4   -5   -5    0   -3   -1   -6   -2    7   -5   -3   -5    0   10   -4    0    0    0   -8
V    0   -3   -2   -2   -2   -2   -2   -3   -2    4    2   -2    2   -2   -2   -1    0   -6   -4    4    0    0    0   -8
B    0    0    0    0    0    0    0    0    0    0    0    0    0    0    0    0    0    0    0    0    0    0    0   -8
Z    0    0    0    0    0    0    0    0    0    0    0    0    0    0    0    0    0    0    0    0    0    0    0   -8
X    0    0    0    0    0    0    0    0    0    0    0    0    0    0    0    0    0    0    0    0    0    0    0   -8
*   -8   -8   -8   -8   -8   -8   -8   -8   -8   -8   -8   -8   -8   -8   -8   -8   -8   -8   -8   -8   -8   -8   -8    1
