#
#  Adaptive PAM Matrix
#  Generated with enhanced biological constraints
#
    A    R    N    D    C    Q    E    G    H    I    L    K    M    F    P    S    T    W    Y    V    B    Z    X    *
A    2   -1   -1    1   -3    0    0    1   -1   -3   -2   -1    0   -4    0    2    1   -7   -3    0    0    0    0   -8
R   -1    6    0   -2   -8    1   -1   -5    2   -4   -4    3   -2   -5    0   -2   -1    2   -5   -2    0    0    0   -8
N   -1    0    2    0   -6    1    1    1    2   -2   -3   -1   -2   -4    0   -1    0   -4   -1   -3    0    0    0   -8
D    1   -2    0    4   -4    2    4   -1   -1   -4   -4   -2   -3   -7   -1    0    1   -6   -4   -3    0    0    0   -8
C   -3   -8   -6   -4   11   -5   -7   -3   -4   -4   -7   -4   -4   -3   -5   -1   -5   -8    2   -2    0    0    0   -8
Q    0    1    1    2   -5    4    3   -2    3   -1   -4    1    0   -7    1   -1   -1   -4   -3   -1    0    0    0   -8
E    0   -1    1    4   -7    3    5   -1    1   -4   -5    0   -2   -5   -1   -2    0   -7   -4   -3    0    0    0   -8
G    1   -5    1   -1   -3   -2   -1    6   -4   -4   -4   -2   -2   -7    0   -1    1   -8   -8   -2    0    0    0   -8
H   -1    2    2   -1   -4    3    1   -4    7   -6   -1    0   -3   -2   -2   -1   -1   -2    0   -3    0    0    0   -8
I   -3   -4   -2   -4   -4   -1   -4   -4   -6    5    2   -2    2   -1   -2   -1    0   -7   -1    4    0    0    0   -8
L   -2   -4   -3   -4   -7   -4   -5   -4   -1    2    6   -5    4    2   -4   -2   -2   -3   -2    2    0    0    0   -8
K   -1    3   -1   -2   -4    1    0   -2    0   -2   -5    5    0   -5   -2    0   -2   -4   -3   -5    0    0    0   -8
M    0   -2   -2   -3   -4    0   -2   -2   -3    2    4    0    6    1   -2   -2    1   -6   -2    2    0    0    0   -8
F   -4   -5   -4   -7   -3   -7   -5   -7   -2   -1    2   -5    1    9   -6   -3   -3    0    8   -1    0    0    0   -8
P    0    0    0   -1   -5    1   -1    0   -2   -2   -4   -2   -2   -6    7    0    0   -8   -5   -3    0    0    0   -8
S    2   -2   -1    0   -1   -1   -2   -1   -1   -1   -2    0   -2   -3    0    3    1   -4   -3   -3    0    0    0   -8
T    1   -1    0    1   -5   -1    0    1   -1    0   -2   -2    1   -3    0    1    4   -5   -2    1    0    0    0   -8
W   -7    2   -4   -6   -8   -4   -7   -8   -2   -7   -3   -4   -6    0   -8   -4   -5   15    0   -5    0    0    0   -8
Y   -3   -5   -1   -4    2   -3   -4   -8    0   -1   -2   -3   -2    8   -5   -3   -2    0   11   -4    0    0    0   -8
V    0   -2   -3   -3   -2   -1   -3   -2   -3    4    2   -5    2   -1   -3   -3    1   -5   -4    5    0    0    0   -8
B    0    0    0    0    0    0    0    0    0    0    0    0    0    0    0    0    0    0    0    0    0    0    0   -8
Z    0    0    0    0    0    0    0    0    0    0    0    0    0    0    0    0    0    0    0    0    0    0    0   -8
X    0    0    0    0    0    0    0    0    0    0    0    0    0    0    0    0    0    0    0    0    0    0    0   -8
*   -8   -8   -8   -8   -8   -8   -8   -8   -8   -8   -8   -8   -8   -8   -8   -8   -8   -8   -8   -8   -8   -8   -8    1
