#
#  Adaptive PAM Matrix
#  Generated with enhanced biological constraints
#
    A    R    N    D    C    Q    E    G    H    I    L    K    M    F    P    S    T    W    Y    V    B    Z    X    *
A    2   -6   -1    1   -4   -1    1    1   -5   -2   -2   -3   -4   -2    0   -1   -1   -6   -2    1    0    0    0   -8
R   -6    5   -1   -1   -6    1   -2   -5    3   -4   -5    4    1   -6   -2   -1   -3    1   -5   -4    0    0    0   -8
N   -1   -1    3   -1   -5    1   -1   -1    3   -1   -4   -3   -6   -2    1   -1   -2   -5   -3   -4    0    0    0   -8
D    1   -1   -1    5   -4    3    4   -1    1   -2   -3    1   -2   -5   -2    1   -2   -7   -6   -3    0    0    0   -8
C   -4   -6   -5   -4   10   -6   -5   -5   -5   -3   -4   -6   -6   -5   -7   -2   -4   -6   -1   -3    0    0    0   -8
Q   -1    1    1    3   -6    4    1   -3    2   -3   -4    0   -2   -5    1   -3   -3   -6   -3   -4    0    0    0   -8
E    1   -2   -1    4   -5    1    4   -1    0    0   -6   -1   -1   -4    0   -2   -1   -7   -3   -1    0    0    0   -8
G    1   -5   -1   -1   -5   -3   -1    6   -3   -2   -3   -2   -2   -5    1   -1   -1   -6   -7    0    0    0    0   -8
H   -5    3    3    1   -5    2    0   -3    7   -5   -1    0   -6   -3    1   -1   -2   -2    1   -3    0    0    0   -8
I   -2   -4   -1   -2   -3   -3    0   -2   -5    5    2   -4    2    1   -4   -3   -1   -6    0    3    0    0    0   -8
L   -2   -5   -4   -3   -4   -4   -6   -3   -1    2    5   -5    4    4   -2   -4   -5    0   -2    2    0    0    0   -8
K   -3    4   -3    1   -6    0   -1   -2    0   -4   -5    5    0   -4   -1   -2   -1   -2   -2   -4    0    0    0   -8
M   -4    1   -6   -2   -6   -2   -1   -2   -6    2    4    0    7   -1   -3   -6   -4   -5   -3    3    0    0    0   -8
F   -2   -6   -2   -5   -5   -5   -4   -5   -3    1    4   -4   -1    9   -7   -4   -5    0    5   -5    0    0    0   -8
P    0   -2    1   -2   -7    1    0    1    1   -4   -2   -1   -3   -7    4    1   -1   -5   -7   -3    0    0    0   -8
S   -1   -1   -1    1   -2   -3   -2   -1   -1   -3   -4   -2   -6   -4    1    2    1   -3   -4    0    0    0    0   -8
T   -1   -3   -2   -2   -4   -3   -1   -1   -2   -1   -5   -1   -4   -5   -1    1    4   -4   -7    1    0    0    0   -8
W   -6    1   -5   -7   -6   -6   -7   -6   -2   -6    0   -2   -5    0   -5   -3   -4   15    0   -6    0    0    0   -8
Y   -2   -5   -3   -6   -1   -3   -3   -7    1    0   -2   -2   -3    5   -7   -4   -7    0    6   -5    0    0    0   -8
V    1   -4   -4   -3   -3   -4   -1    0   -3    3    2   -4    3   -5   -3    0    1   -6   -5    4    0    0    0   -8
B    0    0    0    0    0    0    0    0    0    0    0    0    0    0    0    0    0    0    0    0    0    0    0   -8
Z    0    0    0    0    0    0    0    0    0    0    0    0    0    0    0    0    0    0    0    0    0    0    0   -8
X    0    0    0    0    0    0    0    0    0    0    0    0    0    0    0    0    0    0    0    0    0    0    0   -8
*   -8   -8   -8   -8   -8   -8   -8   -8   -8   -8   -8   -8   -8   -8   -8   -8   -8   -8   -8   -8   -8   -8   -8    1
